¸Ä½øÇ°[0.07948888888888889, 0.16146666666666668, 0.22691111111111112, 0.27684444444444445, 0.3217333333333333, 0.3491111111111111, 0.3804444444444444, 0.4100888888888889, 0.4311111111111111, 0.45482222222222224, 0.4720888888888889, 0.4915333333333333, 0.5052888888888889, 0.5201333333333333, 0.5339111111111111, 0.5456444444444445, 0.5612888888888888, 0.5695777777777777, 0.5784666666666667, 0.5898, 0.5956666666666667, 0.6093111111111111, 0.6157333333333334, 0.6255111111111111, 0.6324222222222222, 0.6392444444444444, 0.647, 0.6524, 0.6597333333333333, 0.6635555555555556, 0.6743333333333333, 0.6814, 0.6871333333333334, 0.6887333333333333, 0.6950222222222222, 0.6975555555555556, 0.7024444444444444, 0.7050888888888889, 0.7128222222222222, 0.7160888888888889, 0.7246666666666667, 0.7258666666666667, 0.7312444444444445, 0.7361555555555556, 0.7366888888888888, 0.7409555555555556, 0.7429333333333333, 0.7501777777777778, 0.7497333333333334, 0.7536]
[4.0216741106245255, 3.4722291645473904, 3.1074825575086806, 2.8338534974839953, 2.63895335905287, 2.483337176683214, 2.33546866768731, 2.2139683542463513, 2.1184367874993217, 2.0214502735561797, 1.9430768015967474, 1.8594331826104058, 1.8039620125664606, 1.7385840823279486, 1.6896824648539226, 1.6469892050001356, 1.5868466586642795, 1.5425173542234634, 1.5059349168989393, 1.4622859835306803, 1.431543275366889, 1.3915386647966173, 1.35524766169654, 1.318707003741794, 1.2968165618048775, 1.2674617374420165, 1.2339019790013632, 1.2091290050506591, 1.1851412559933132, 1.1669167946073744, 1.1342388838238187, 1.1132401551140678, 1.079945476659139, 1.07436654536989, 1.0578982916937933, 1.0346606515248618, 1.019401799689399, 1.0123927363501655, 0.9879183477401733, 0.9662920403798422, 0.9465045367134942, 0.930722540198432, 0.9175097757127549, 0.8991499412536621, 0.9007085991117689, 0.8814847895728217, 0.8737660668373108, 0.8372463766521878, 0.8441108709123399, 0.8327600664138793]
[0.143, 0.208, 0.2596, 0.3008, 0.349, 0.366, 0.3986, 0.392, 0.4396, 0.439, 0.4586, 0.453, 0.447, 0.4884, 0.4944, 0.5038, 0.5146, 0.5326, 0.5022, 0.538, 0.5492, 0.5406, 0.5352, 0.5402, 0.5622, 0.5612, 0.562, 0.5418, 0.5826, 0.5628, 0.579, 0.5924, 0.5544, 0.5726, 0.5832, 0.5888, 0.5766, 0.5652, 0.5754, 0.576, 0.5822, 0.5844, 0.5856, 0.5738, 0.5842, 0.58, 0.5686, 0.576, 0.5696, 0.57]
148.5102144247986
SGD_PreCBAM[0.08693333333333333, 0.1822888888888889, 0.2526888888888889, 0.30515555555555557, 0.34844444444444445, 0.3877333333333333, 0.41544444444444445, 0.4496222222222222, 0.47115555555555555, 0.48966666666666664, 0.5117555555555555, 0.5270666666666667, 0.5443333333333333, 0.5578666666666666, 0.5686888888888889, 0.5824444444444444, 0.5927111111111111, 0.6023111111111111, 0.6101777777777778, 0.6206666666666667, 0.6304444444444445, 0.6401555555555556, 0.6458, 0.6520888888888889, 0.663, 0.6712444444444444, 0.6737777777777778, 0.6806, 0.6866, 0.6911777777777778, 0.6996, 0.7068, 0.7062, 0.7134222222222222, 0.7182666666666667, 0.7242444444444445, 0.7290888888888889, 0.7323333333333333, 0.7333555555555555, 0.7402444444444445, 0.7428, 0.7479777777777777, 0.7472888888888889, 0.7567333333333334, 0.7614, 0.7648222222222222, 0.7657111111111111, 0.7702666666666667, 0.7730444444444444, 0.7722222222222223]
[3.9755920542822945, 3.3616388079749213, 2.9856994921366375, 2.7076790753682456, 2.4956574554019504, 2.3277557779100206, 2.193088115734524, 2.0606080471462676, 1.9606716306898329, 1.8794154869503445, 1.7880359858618842, 1.7284581207275391, 1.6539790573543973, 1.6016553194787768, 1.5539567544301351, 1.4923255248175726, 1.4516517134348552, 1.4104106960296632, 1.3872416056103176, 1.3423306324428983, 1.2991986721886528, 1.2682281578063965, 1.2439287651062012, 1.2156639469570585, 1.1759095714992946, 1.151296882417467, 1.1382747541003757, 1.1009587571673922, 1.0827392289903428, 1.0604703577041625, 1.0388532192866007, 1.0136790067036947, 1.0149346663581, 0.9886558959537082, 0.9700789237764147, 0.9386924849828084, 0.922648129219479, 0.9129614247216119, 0.9021362915039063, 0.8827552040523953, 0.8686843364715576, 0.8581366229587131, 0.85056507013109, 0.8288289110183715, 0.8095968269348145, 0.7929623927010431, 0.792341894001431, 0.7837193919711642, 0.7677408698399861, 0.7661361574808756]
[0.1454, 0.2274, 0.2844, 0.3458, 0.3684, 0.3922, 0.4192, 0.4338, 0.4632, 0.4698, 0.49, 0.4924, 0.5072, 0.5256, 0.5366, 0.5258, 0.5412, 0.5464, 0.5432, 0.5444, 0.5632, 0.533, 0.5554, 0.5564, 0.543, 0.5644, 0.558, 0.5692, 0.5798, 0.5728, 0.561, 0.558, 0.5712, 0.576, 0.579, 0.551, 0.579, 0.565, 0.5738, 0.5762, 0.5648, 0.5752, 0.585, 0.5824, 0.5826, 0.575, 0.5702, 0.5628, 0.5828, 0.584]
355.48025038128225


358.9
347.9
11803580 Pro
11890548 CBAM
Cifar-10[0.4109777777777778, 0.5824, 0.6661555555555555, 0.7099333333333333, 0.74, 0.7983111111111111, 0.8132444444444444, 0.8248222222222222, 0.8327333333333333, 0.8387333333333333, 0.8554444444444445, 0.8614222222222222, 0.8622888888888889, 0.8657555555555555, 0.8653777777777778, 0.873, 0.8742222222222222, 0.8721555555555556, 0.8729333333333333, 0.8755111111111111, 0.8767333333333334, 0.8771555555555556, 0.8771333333333333, 0.877, 0.8768888888888889, 0.8767777777777778, 0.8766, 0.8768222222222222, 0.8755555555555555, 0.8778666666666667, 0.8741555555555556, 0.8761333333333333, 0.878, 0.8788222222222222, 0.8768444444444444, 0.8750888888888889, 0.8799777777777777, 0.8757777777777778, 0.8767777777777778, 0.8784222222222222, 0.8753333333333333, 0.8753333333333333, 0.8769111111111111, 0.8757555555555555, 0.8779777777777777, 0.8765555555555555, 0.8769777777777777, 0.8774, 0.8756, 0.8751555555555556]
[1.6433920623355442, 1.185386010254754, 0.9584252688407898, 0.8378503228293525, 0.7572878434287177, 0.5853980482843187, 0.5399067011939155, 0.5087470608181424, 0.48575005091561213, 0.46914093335469564, 0.4211722768571642, 0.40413809147940744, 0.3988183763715956, 0.3878480967415704, 0.38868541707992554, 0.3721904138935937, 0.36835562269422745, 0.36805891710917155, 0.36535311506059437, 0.35931215495003593, 0.3596003904130724, 0.3575918117099338, 0.359128866121504, 0.35839343827168146, 0.35837068359586927, 0.35823820508321125, 0.3606144687228733, 0.35656424393124053, 0.35876402244567873, 0.35613386771943834, 0.3615500443458557, 0.3587618850602044, 0.35498975514305964, 0.3531547171910604, 0.35847015449735853, 0.36013041025267706, 0.35030814197593263, 0.3580721644189623, 0.3548884607526991, 0.3549104642444187, 0.36076412572860717, 0.35936936389075386, 0.35445121448304917, 0.3603379342767927, 0.356457127544615, 0.3581175520684984, 0.3559464328765869, 0.3550083343082004, 0.35811020325554743, 0.3591512065887451]
[0.5266, 0.632, 0.6776, 0.7346, 0.7498, 0.7952, 0.803, 0.8064, 0.8164, 0.8194, 0.8276, 0.828, 0.8268, 0.8328, 0.8316, 0.8264, 0.8364, 0.8302, 0.8292, 0.8332, 0.8332, 0.8346, 0.8328, 0.8348, 0.8346, 0.8292, 0.8368, 0.8352, 0.8356, 0.8242, 0.8286, 0.838, 0.8284, 0.8288, 0.8264, 0.837, 0.829, 0.833, 0.8374, 0.8326, 0.8312, 0.8348, 0.8348, 0.8328, 0.8298, 0.835, 0.8306, 0.8304, 0.8328, 0.8316]
339.89049194991156
Cifar-10-softmax[0.4305555555555556, 0.5866444444444444, 0.6566444444444445, 0.7033111111111111, 0.7352666666666666, 0.7547777777777778, 0.7698222222222222, 0.7836444444444445, 0.7917777777777778, 0.8058, 0.8474222222222222, 0.8608444444444444, 0.8669555555555556, 0.8728666666666667, 0.8750666666666667, 0.8781777777777777, 0.8806444444444445, 0.8863555555555556, 0.8882666666666666, 0.8898888888888888, 0.8968888888888888, 0.8991111111111111, 0.9024, 0.9024222222222222, 0.9034444444444445, 0.9044222222222222, 0.9027777777777778, 0.9053777777777777, 0.9043555555555556, 0.9034888888888889, 0.9039777777777778, 0.9056888888888889, 0.9052444444444444, 0.9056222222222222, 0.9046222222222222, 0.9045555555555556, 0.9053111111111111, 0.9045777777777778, 0.9071111111111111, 0.9061777777777777, 0.9036, 0.9085777777777778, 0.9075333333333333, 0.9067555555555555, 0.9071777777777777, 0.9063555555555556, 0.9074888888888889, 0.9078666666666667, 0.9052666666666667, 0.9057555555555555]
[1.5482102350023057, 1.162006760957506, 0.9820129328091939, 0.8553358308156331, 0.7675485804875691, 0.7125961842007107, 0.6637837564150493, 0.6317711670981513, 0.5991265814145406, 0.5643816455072826, 0.4398874096777704, 0.40147817974090577, 0.3853248796145121, 0.36877400618659123, 0.36122457290225557, 0.3529530941698286, 0.34189424918492634, 0.33053739236195884, 0.32082453475528294, 0.3162580405871073, 0.2967815142949422, 0.2882362376213074, 0.2844924694273207, 0.2841555804358588, 0.2816270306693183, 0.274976842212677, 0.28108146548801, 0.2761356627464294, 0.273754270474116, 0.27628776926199594, 0.2764649663315879, 0.275726309633255, 0.2735153801812066, 0.27017014932897354, 0.272429272280799, 0.27309514554341635, 0.2709990586916606, 0.27587014083332484, 0.2708758927875095, 0.2686609155125088, 0.273652089632882, 0.26881586037741767, 0.2701860353151957, 0.2699103760825263, 0.2703053611384498, 0.2686791132926941, 0.26731377119488187, 0.26947790601915783, 0.2735657386965222, 0.27293530886967976]
[0.5278, 0.6316, 0.6606, 0.6844, 0.7388, 0.7508, 0.7546, 0.7698, 0.7836, 0.7898, 0.8282, 0.8456, 0.8424, 0.8408, 0.8388, 0.8424, 0.8484, 0.8512, 0.8534, 0.8472, 0.8534, 0.8528, 0.8532, 0.8616, 0.8552, 0.8544, 0.852, 0.8548, 0.8502, 0.8592, 0.8484, 0.8568, 0.8596, 0.8574, 0.8554, 0.8522, 0.8518, 0.8546, 0.861, 0.8594, 0.8564, 0.8544, 0.8538, 0.8532, 0.8582, 0.861, 0.8574, 0.859, 0.8556, 0.8536]
318.97949278263155Cifar-100-CBAM-pro[0.08815555555555556, 0.1754888888888889, 0.24351111111111112, 0.29833333333333334, 0.33975555555555553, 0.37115555555555557, 0.4007777777777778, 0.4288, 0.4497555555555556, 0.4755111111111111, 0.5500444444444444, 0.5697333333333333, 0.5811555555555555, 0.5896, 0.598, 0.6044666666666667, 0.6117111111111111, 0.6176666666666667, 0.6259777777777777, 0.6308, 0.6481333333333333, 0.6515555555555556, 0.6541111111111111, 0.6561333333333333, 0.6555333333333333, 0.6563777777777777, 0.6570666666666667, 0.6611333333333334, 0.6605777777777778, 0.6632, 0.6631777777777778, 0.6631111111111111, 0.667, 0.6613777777777777, 0.6657333333333333, 0.6628666666666667, 0.6664222222222222, 0.6648666666666667, 0.6663333333333333, 0.6649777777777778, 0.6659333333333334, 0.6640222222222222, 0.6636, 0.6660444444444444, 0.6663333333333333, 0.6687555555555555, 0.6668666666666667, 0.6639111111111111, 0.6659111111111111, 0.6682444444444444]
[3.9691273431142173, 3.3950460298750134, 3.0124056493971083, 2.752555753792657, 2.55473487379286, 2.3975962585025363, 2.2641208585951063, 2.147433819325765, 2.047102112664117, 1.9457944224887425, 1.6259320912679036, 1.5406673690160115, 1.4934544258117677, 1.4567690998713176, 1.4283567435794406, 1.3928885058932834, 1.3651946438259548, 1.3395344122144912, 1.3163867483139038, 1.2864752333323162, 1.22982214506997, 1.218723363749186, 1.208052867380778, 1.202221987491184, 1.19759407081604, 1.1992802181667752, 1.19247201250924, 1.183714989259508, 1.1744898940192328, 1.171576182217068, 1.1701638565911188, 1.1711004951053197, 1.158106889767117, 1.16428019879659, 1.1686144555833604, 1.1665895794762506, 1.1574070864359538, 1.1585147317674425, 1.1634176971859402, 1.165490533680386, 1.158897549141778, 1.163981643210517, 1.1659995114644368, 1.1572983669704862, 1.1575427819569906, 1.160353767077128, 1.1586827112621731, 1.161635227923923, 1.1659599813249375, 1.1588528452979194]
[0.1392, 0.2264, 0.2736, 0.31, 0.3484, 0.377, 0.4046, 0.413, 0.4308, 0.4464, 0.517, 0.5188, 0.5238, 0.5348, 0.5364, 0.5374, 0.5474, 0.5456, 0.5448, 0.5458, 0.5486, 0.5566, 0.5564, 0.5518, 0.5498, 0.5516, 0.5548, 0.5502, 0.5542, 0.5566, 0.5606, 0.557, 0.56, 0.5498, 0.5584, 0.556, 0.5622, 0.5688, 0.5588, 0.5546, 0.5524, 0.564, 0.563, 0.5594, 0.5572, 0.561, 0.5612, 0.551, 0.5566, 0.557]
355.92402293243913
ResNet18_CBAMPro_cifar10-723[0.4002222222222222, 0.5386444444444445, 0.6027555555555556, 0.6380444444444444, 0.6651777777777778, 0.6857777777777778, 0.7060222222222222, 0.7186888888888889, 0.7301111111111112, 0.7448888888888889, 0.7864888888888889, 0.8010222222222222, 0.8066222222222222, 0.8110444444444445, 0.8156222222222222, 0.8193333333333334, 0.8216222222222223, 0.8282, 0.8278, 0.8294666666666667, 0.8401555555555555, 0.8416888888888889, 0.8403555555555555, 0.8434444444444444, 0.8419111111111112, 0.8430444444444445, 0.8431111111111111, 0.8439111111111111, 0.8431777777777778, 0.8428888888888889, 0.8454, 0.8461777777777778, 0.8478222222222223, 0.8465333333333334, 0.8473333333333334, 0.8486888888888889, 0.8449333333333333, 0.8485111111111111, 0.8476666666666667, 0.8476888888888889, 0.8476222222222223, 0.8474222222222222, 0.8466666666666667, 0.8469111111111111, 0.8474888888888888, 0.8461555555555555, 0.8459555555555556, 0.8447777777777777, 0.8464888888888888, 0.8459555555555556]
[1.6607152423434788, 1.295096340836419, 1.1240228160434298, 1.0286309259732564, 0.9550923758188884, 0.8966318709691365, 0.8456189020368788, 0.8105032564746009, 0.7743833351982965, 0.740552315627204, 0.6171442284901937, 0.5741067916446262, 0.5558270783742268, 0.5395176539950901, 0.5301721313476563, 0.5224074395073784, 0.5102547935379876, 0.49551109898885093, 0.49301227368248834, 0.4886973163816664, 0.4646540976418389, 0.4555752922799852, 0.46162603912353517, 0.45128351339764067, 0.4521836123254564, 0.4522452146742079, 0.4528296623971727, 0.450361184226142, 0.44734013672934636, 0.44905632610850865, 0.44437681273354424, 0.44371432340939837, 0.4400865573724111, 0.44129230573972067, 0.4381382201353709, 0.4365704791492886, 0.4420630956331889, 0.440171245543162, 0.4388405085351732, 0.44078039860195584, 0.43725252434412637, 0.438981433084276, 0.44164714337984723, 0.4431853357103136, 0.4404712537871467, 0.44462558528052437, 0.44224883184962804, 0.4420675582461887, 0.44073201546139185, 0.44307137471304997]
[0.4938, 0.587, 0.6178, 0.6212, 0.6632, 0.6748, 0.7032, 0.7116, 0.7284, 0.7348, 0.776, 0.786, 0.792, 0.7892, 0.7924, 0.7946, 0.7974, 0.8018, 0.7972, 0.7904, 0.8062, 0.8032, 0.8036, 0.8062, 0.8038, 0.8058, 0.8068, 0.8074, 0.8086, 0.8138, 0.805, 0.8088, 0.805, 0.8022, 0.814, 0.8126, 0.8118, 0.8056, 0.8012, 0.8076, 0.813, 0.8042, 0.8122, 0.8066, 0.8132, 0.8128, 0.8096, 0.807, 0.8136, 0.8096]
443.81997275486845
ResNet18_CBAMPro_cifar10-723[0.41535555555555553, 0.5447777777777778, 0.6077777777777778, 0.6428888888888888, 0.6748222222222222, 0.7001333333333334, 0.7130444444444445, 0.727, 0.7384888888888889, 0.7518222222222222, 0.7929111111111111, 0.8087333333333333, 0.8133333333333334, 0.8181777777777778, 0.8228222222222222, 0.8251555555555555, 0.8275555555555556, 0.8319111111111112, 0.8350888888888889, 0.8392, 0.8419777777777778, 0.8458666666666667, 0.8458, 0.8469333333333333, 0.8479333333333333, 0.8477555555555556, 0.8489777777777778, 0.8479555555555556, 0.8511777777777778, 0.8484222222222222, 0.8523555555555555, 0.8525777777777778, 0.8507777777777777, 0.8512222222222222, 0.8509777777777778, 0.8486222222222222, 0.8516222222222222, 0.8510666666666666, 0.8495777777777778, 0.8525555555555555, 0.8533111111111111, 0.8512, 0.8533777777777778, 0.8503111111111111, 0.8495333333333334, 0.8496444444444444, 0.8518888888888889, 0.8530888888888889, 0.8529111111111111, 0.8496444444444444]
[1.5918950925191244, 1.2728999480777317, 1.1154566127989027, 1.0109605062484741, 0.9323105842378404, 0.8685144999768999, 0.8199247578514947, 0.7749258162922329, 0.7491863556491004, 0.7139379333708021, 0.5930278260866801, 0.5503536754502191, 0.5381028926955329, 0.5233263258192274, 0.5147671894497342, 0.508881260977851, 0.49861850949393377, 0.4854919131676356, 0.4765042829301622, 0.4654431280136108, 0.4514766690042284, 0.4447504442082511, 0.44192092444631786, 0.4460604070663452, 0.4397807684077157, 0.43522229130003187, 0.4330389730453491, 0.4385411312315199, 0.431405081182056, 0.4372950030008952, 0.4273849983215332, 0.42719791412353514, 0.4278707266383701, 0.4268263118651178, 0.42663372972276475, 0.430736675368415, 0.42685180130004885, 0.42769376565085515, 0.43223291242387557, 0.42488130258984036, 0.4244898379802704, 0.42775692795647513, 0.42484200956556534, 0.4313420227686564, 0.42864976598951554, 0.42793546750810413, 0.42553558139801023, 0.4232079613526662, 0.42528650324079725, 0.4290327906396654]
[0.4694, 0.5734, 0.6372, 0.6416, 0.6874, 0.6904, 0.7004, 0.7326, 0.7096, 0.7424, 0.7848, 0.7952, 0.7874, 0.7968, 0.796, 0.8032, 0.8096, 0.8056, 0.8012, 0.8044, 0.8064, 0.803, 0.8098, 0.8076, 0.8104, 0.8038, 0.813, 0.809, 0.8148, 0.8096, 0.8072, 0.8072, 0.8106, 0.813, 0.8088, 0.813, 0.8114, 0.8116, 0.8114, 0.8154, 0.8082, 0.8142, 0.8162, 0.8102, 0.8108, 0.804, 0.812, 0.8084, 0.8126, 0.8114]
527.0015728488344
ResNet18_CBAM_cifar10-723-norm[0.40375555555555553, 0.5335111111111112, 0.5943777777777778, 0.6379777777777778, 0.6682, 0.6872222222222222, 0.7065555555555556, 0.7193333333333334, 0.7319111111111111, 0.7445777777777778, 0.7879333333333334, 0.8004444444444444, 0.8095777777777777, 0.8113555555555556, 0.8171333333333334, 0.8212222222222222, 0.8226444444444444, 0.8236444444444444, 0.8268, 0.8289555555555556, 0.8386888888888889, 0.84, 0.8405555555555555, 0.8443333333333334, 0.8460888888888889, 0.8439555555555556, 0.8442666666666667, 0.8440666666666666, 0.8457777777777777, 0.8444, 0.8482666666666666, 0.8453777777777778, 0.8476444444444444, 0.8482666666666666, 0.8461333333333333]
[1.6150380118052166, 1.2982495994991727, 1.1382139479319255, 1.0337640725983515, 0.9504200401941936, 0.8944120441860622, 0.8447763339996338, 0.8090509247091081, 0.7714101952340868, 0.7441528866026137, 0.6109577929390801, 0.5781188640382555, 0.5542898271136814, 0.542049690024058, 0.5263496996985542, 0.5172961321115493, 0.5073407405853272, 0.5048040035194821, 0.494634123357137, 0.48951336605813767, 0.4638543678654565, 0.4565685980902778, 0.4577318242179023, 0.45085131602817113, 0.4447972129821777, 0.44643629353841147, 0.44525678771336874, 0.44398711672888863, 0.44146096538967555, 0.4436159246020847, 0.43950463756985136, 0.4407309154536989, 0.4388196615854899, 0.43249925672478146, 0.43717148880428736]
[0.484, 0.5826, 0.599, 0.6326, 0.6602, 0.6916, 0.6906, 0.7092, 0.7094, 0.7406, 0.7758, 0.7784, 0.7848, 0.7886, 0.7892, 0.7946, 0.798, 0.799, 0.7984, 0.7986, 0.801, 0.8038, 0.8064, 0.813, 0.8092, 0.8078, 0.8018, 0.8078, 0.8128, 0.8096, 0.8114, 0.8116, 0.8064, 0.802, 0.8124]
792.7679618031113
ResNet18_CBAM_cifar10-723[0.08271111111111111, 0.17033333333333334, 0.2186, 0.2567111111111111, 0.2930888888888889, 0.32, 0.3410222222222222, 0.3648666666666667, 0.38724444444444445, 0.40482222222222225, 0.4706, 0.49191111111111113, 0.5051777777777777, 0.5134444444444445, 0.5193111111111111, 0.5293555555555556, 0.5363111111111111, 0.5392, 0.5455111111111111, 0.5555555555555556, 0.5721111111111111, 0.5752666666666667, 0.5774666666666667, 0.5826888888888889, 0.5834222222222222, 0.5846666666666667, 0.5854888888888888, 0.5840222222222222, 0.5879333333333333, 0.5888, 0.5917555555555556, 0.5892222222222222, 0.5910222222222222, 0.5941777777777778, 0.5905111111111111, 0.5921333333333333, 0.5948666666666667, 0.5936444444444444, 0.5935333333333334, 0.5927555555555556, 0.5917333333333333, 0.5934, 0.5921333333333333, 0.5934666666666667, 0.5939555555555556, 0.5949777777777778, 0.5910444444444445, 0.5928, 0.5924444444444444, 0.5943333333333334]
[4.007126664649116, 3.4584694847106934, 3.1758337104797363, 2.962853077867296, 2.7933392209794787, 2.658352131440904, 2.5443992056952585, 2.436055812242296, 2.3397804223378498, 2.2572914861891005, 1.956322251616584, 1.8600458710564507, 1.8157729131486682, 1.776546816974216, 1.7453120964686075, 1.7098817090352376, 1.678626547325982, 1.6562940988540649, 1.6318849853515625, 1.6030763730367026, 1.5341973006354437, 1.514773176574707, 1.5121675338957046, 1.491738034608629, 1.4890355461332534, 1.4864276422288683, 1.476890351846483, 1.4756828987121582, 1.4663112991756864, 1.4655716993755765, 1.4525738789664375, 1.4525205550299751, 1.4513838074154324, 1.4496284984588623, 1.4511397194120619, 1.4515045761532255, 1.4460299729241266, 1.4448868454827202, 1.443060718451606, 1.443733235889011, 1.445818655819363, 1.449847144402398, 1.4537261504915024, 1.4519032755533854, 1.4356914594862196, 1.4424760773128933, 1.451514348072476, 1.4418841711892023, 1.4498887969758776, 1.447995054075453]
[0.1386, 0.2126, 0.2512, 0.287, 0.317, 0.3374, 0.3526, 0.371, 0.3902, 0.3986, 0.461, 0.4614, 0.472, 0.48, 0.4884, 0.4804, 0.4936, 0.4888, 0.4834, 0.4962, 0.5026, 0.5048, 0.4968, 0.5096, 0.4972, 0.5088, 0.5032, 0.5012, 0.512, 0.5018, 0.5118, 0.5056, 0.5074, 0.5036, 0.5052, 0.5114, 0.5138, 0.5112, 0.51, 0.507, 0.5048, 0.5096, 0.5084, 0.5146, 0.5086, 0.5062, 0.511, 0.5054, 0.5068, 0.5008]
877.7085540782452
