[0.06893333333333333, 0.13457777777777777, 0.17904444444444445, 0.21657777777777779, 0.24508888888888888, 0.2742888888888889, 0.29631111111111114, 0.3184, 0.34326666666666666, 0.3582222222222222, 0.3778666666666667, 0.3933333333333333, 0.4104, 0.4231333333333333, 0.43424444444444443, 0.4506888888888889, 0.46097777777777776, 0.47024444444444446, 0.4823777777777778, 0.49248888888888886, 0.5029111111111111, 0.5115111111111111, 0.5172666666666667, 0.5262666666666667, 0.5375111111111112, 0.5429777777777778, 0.5508, 0.5570888888888889, 0.5652222222222222, 0.5728444444444445, 0.5788222222222222, 0.5851333333333333, 0.5875333333333334, 0.5975555555555555, 0.6021111111111112, 0.6057333333333333, 0.6152888888888889, 0.6194888888888889, 0.6218, 0.6278, 0.6349333333333333, 0.6355333333333333, 0.6375777777777778, 0.6480888888888889, 0.6516666666666666, 0.6603777777777777, 0.6619111111111111, 0.6625555555555556, 0.6711555555555555, 0.6737111111111111]
[4.109207163280911, 3.64951367992825, 3.399107087749905, 3.2037604031456843, 3.040226667277018, 2.8975872916751437, 2.772923653793335, 2.6601191767374672, 2.55492671017117, 2.4661383837382, 2.3831595427619088, 2.3129587126837836, 2.2366033356136747, 2.181985656144884, 2.118130643717448, 2.065628979237874, 2.0088262404547796, 1.9703167728847928, 1.9206987267388238, 1.886441790983412, 1.837340507083469, 1.7940061059316, 1.7611261066436767, 1.7299965442233616, 1.6887844501919216, 1.656567590883043, 1.631341184510125, 1.6073717913309733, 1.5705216471354166, 1.5441944114685058, 1.5138705332862006, 1.4964139447742038, 1.474100212351481, 1.4439160275141398, 1.419891920513577, 1.3974399367014567, 1.3731805154588488, 1.3554551965501573, 1.3413774587631226, 1.3268912368774415, 1.2959024309370253, 1.2798129883236355, 1.2736788390583462, 1.244776940430535, 1.2273416837692261, 1.2007805250379775, 1.1846239415910509, 1.1839762354532877, 1.1542311802758112, 1.1387507280985514]
[0.11, 0.1747, 0.2088, 0.2328, 0.2512, 0.3006, 0.307, 0.3198, 0.3278, 0.3648, 0.3718, 0.3758, 0.385, 0.3934, 0.4058, 0.4158, 0.4188, 0.43, 0.4214, 0.4598, 0.4456, 0.4496, 0.4698, 0.4634, 0.462, 0.4818, 0.4702, 0.4772, 0.491, 0.4918, 0.4716, 0.4946, 0.4812, 0.4898, 0.4824, 0.5086, 0.4984, 0.4786, 0.4844, 0.4896, 0.495, 0.494, 0.495, 0.4826, 0.5108, 0.4964, 0.4964, 0.4918, 0.5056, 0.4908]

1095.818233473793

[0.0791111111111111, 0.15693333333333334, 0.21466666666666667, 0.2617777777777778, 0.3000888888888889, 0.3400666666666667, 0.3702888888888889, 0.40175555555555553, 0.43024444444444443, 0.4492, 0.47086666666666666, 0.4893777777777778, 0.5063777777777778, 0.5227111111111111, 0.5387555555555555, 0.5551111111111111, 0.5645555555555556, 0.5742222222222222, 0.5865111111111111, 0.5969111111111111, 0.6067555555555556, 0.6193555555555555, 0.6281111111111111, 0.6352, 0.6483333333333333, 0.6500222222222222, 0.6649777777777778, 0.6676888888888889, 0.6740666666666667, 0.6833333333333333, 0.686, 0.6931555555555555, 0.6983777777777778, 0.7021777777777778, 0.7109555555555556, 0.7163333333333334, 0.7196888888888889, 0.722, 0.7272666666666666, 0.7304444444444445, 0.7363777777777778, 0.7405777777777778, 0.7466, 0.7472666666666666, 0.7500666666666667, 0.7528, 0.7602444444444444, 0.7613555555555556, 0.7664666666666666, 0.7685111111111111]
[4.043227740987142, 3.510648726569282, 3.2025741304185655, 2.95126917491489, 2.748664677259657, 2.5639179709116617, 2.4010821888393825, 2.273705396355523, 2.146635277557373, 2.0545435084872774, 1.9618004949993557, 1.8826241611904568, 1.8057949873606365, 1.738500522655911, 1.6755185332828098, 1.6186464677598742, 1.56938923924764, 1.5202236872355144, 1.4718009258694118, 1.4380654244316948, 1.3939309239493476, 1.3460481290499369, 1.3075484002007378, 1.2849011711756388, 1.2415118420918783, 1.223346662542555, 1.1762101680755614, 1.160798044628567, 1.1378412765291002, 1.107270760345459, 1.0881758657243517, 1.0593097144656711, 1.0407301003138225, 1.0290732417000665, 0.9947635579003228, 0.9832161826027764, 0.9658769343270196, 0.9505815091027154, 0.9381079234017267, 0.9150855793423123, 0.8974584011289809, 0.8881207850350274, 0.8580652147928873, 0.8567050113042196, 0.8502448266135322, 0.8328608906216092, 0.8133620530022515, 0.8044601332558526, 0.7884003297170004, 0.7771048963334826]
[0.1246, 0.1818, 0.2342, 0.281, 0.3116, 0.3386, 0.3638, 0.3848, 0.415, 0.4382, 0.465, 0.4598, 0.4666, 0.497, 0.4866, 0.477, 0.5012, 0.5236, 0.5224, 0.5314, 0.5322, 0.5254, 0.5468, 0.5398, 0.5496, 0.548, 0.5498, 0.5532, 0.5752, 0.5542, 0.5612, 0.561, 0.5702, 0.5618, 0.5762, 0.5702, 0.5706, 0.5698, 0.5744, 0.5612, 0.5542, 0.5714, 0.5646, 0.561, 0.5828, 0.5832, 0.5784, 0.5778, 0.5676, 0.5778]
441.53732771901286
19[0.09533333333333334, 0.18386666666666668, 0.24435555555555555, 0.29644444444444445, 0.3430888888888889, 0.3788222222222222, 0.4093333333333333, 0.441, 0.4654888888888889, 0.48788888888888887, 0.5069111111111111, 0.5310888888888889, 0.5456, 0.5624888888888889, 0.5785333333333333, 0.5855555555555556, 0.6043111111111111, 0.6199111111111111, 0.6302222222222222, 0.6420888888888889, 0.6544, 0.6648444444444445, 0.6730666666666667, 0.6862222222222222, 0.6953777777777778, 0.7076444444444444, 0.7141555555555555, 0.7228666666666667, 0.7344888888888889, 0.7395555555555555, 0.7511111111111111, 0.7587555555555555, 0.7676, 0.7734, 0.7787555555555555, 0.7884888888888889, 0.7952888888888889, 0.8024, 0.8075777777777777, 0.8125333333333333, 0.8199111111111111, 0.8210444444444445, 0.8319333333333333, 0.8381111111111111, 0.8428888888888889, 0.8466666666666667, 0.8514666666666667, 0.8604444444444445, 0.8627111111111111, 0.8638]
[3.9651241681840683, 3.4038251682705347, 3.0661875271267363, 2.787149943584866, 2.5670027586195205, 2.383570513068305, 2.241866079542372, 2.109078000322978, 1.9991964886983236, 1.896514014010959, 1.81488634830051, 1.7254079368167454, 1.6564681118011475, 1.5845550430297852, 1.5196967924965752, 1.4742761378394234, 1.4073736691157024, 1.3482784132003784, 1.3028942998250326, 1.245973639403449, 1.2028022816552055, 1.1638789218902588, 1.1305090633604262, 1.081383053588867, 1.0476639987945557, 0.9990109830432468, 0.9670346205605401, 0.9267916598531935, 0.8926985255559285, 0.8663812937630547, 0.8307288376278348, 0.8023598253885905, 0.7747830930921766, 0.7452907186720107, 0.7264158496008979, 0.6978232097625733, 0.6636435870700412, 0.642652003288269, 0.6244982412550184, 0.6082235240724352, 0.5773378156238133, 0.5701153284284803, 0.5357694113519457, 0.5170796737670899, 0.4989893830776215, 0.49044040309058295, 0.4764883288913303, 0.4464727620654636, 0.4356364676263597, 0.4251705981148614]
[0.1816, 0.2332, 0.296, 0.3242, 0.3768, 0.391, 0.416, 0.4366, 0.46, 0.473, 0.4796, 0.501, 0.5076, 0.5054, 0.519, 0.5176, 0.5338, 0.539, 0.5368, 0.5454, 0.5574, 0.5574, 0.5652, 0.5626, 0.5546, 0.5636, 0.5638, 0.563, 0.5652, 0.5672, 0.5806, 0.5748, 0.5708, 0.5794, 0.5824, 0.5756, 0.5752, 0.5774, 0.581, 0.5846, 0.5784, 0.5832, 0.5886, 0.5872, 0.5836, 0.595, 0.5916, 0.5744, 0.586, 0.5782]
336.12699076643736
AdamResNet18_cifar10-723[0.37653333333333333, 0.5033777777777778, 0.5674222222222223, 0.6113111111111111, 0.6415555555555555, 0.6702222222222223, 0.6904888888888889, 0.7051333333333333, 0.7191111111111111, 0.7357111111111111, 0.7819777777777778, 0.7968666666666666, 0.8030444444444444, 0.8073111111111111, 0.8111333333333334, 0.8159333333333333, 0.8177777777777778, 0.8215555555555556, 0.8236444444444444, 0.8273777777777778, 0.8339111111111112, 0.8377555555555556, 0.8386222222222223, 0.8380666666666666, 0.8392888888888889, 0.8400888888888889, 0.8393555555555555, 0.8400666666666666, 0.8411333333333333, 0.8423333333333334, 0.8429333333333333, 0.8420888888888889, 0.8455111111111111, 0.8406222222222223, 0.8422, 0.8447777777777777, 0.8418444444444444, 0.8448222222222223, 0.8420666666666666, 0.8432888888888889, 0.844, 0.8440222222222222, 0.8442888888888889, 0.8450666666666666, 0.8426666666666667, 0.8441777777777778, 0.8436888888888889, 0.8429333333333333, 0.8439111111111111, 0.8456444444444444]
[1.7342759093602498, 1.3900067249510024, 1.2311348995844522, 1.1154902992036608, 1.0290720109303793, 0.9537369196997748, 0.8982291876475016, 0.8529421785990398, 0.8134592255274454, 0.7767601172341241, 0.6316458845668369, 0.5904479684008492, 0.5737325039545695, 0.557529309463501, 0.546692493724823, 0.5316603273497688, 0.5262472176233928, 0.5177053451114231, 0.5106040272924636, 0.49549465324613784, 0.4775985459857517, 0.4684413334343168, 0.4685779009077284, 0.46477573233710395, 0.46661945414013334, 0.46462677126990426, 0.46347467081281873, 0.45976559840308295, 0.45855859209696453, 0.45830533542633056, 0.4539647015253703, 0.4602588216728634, 0.4531319523493449, 0.4583991948021783, 0.456377015071445, 0.4524698836326599, 0.45817268596225313, 0.45400767948362564, 0.45466702655156455, 0.45672836962276037, 0.4511340804417928, 0.45229714456664194, 0.4535509642812941, 0.45065647443665396, 0.45383606374793584, 0.4531334197150336, 0.45660451791551376, 0.45223389768070643, 0.45158980459107295, 0.4496498504532708]
[0.4682, 0.4942, 0.6028, 0.6146, 0.6364, 0.656, 0.6548, 0.6928, 0.6916, 0.7202, 0.7816, 0.7846, 0.7892, 0.7912, 0.791, 0.7996, 0.7972, 0.7938, 0.799, 0.802, 0.81, 0.8134, 0.8108, 0.8144, 0.8064, 0.8046, 0.8156, 0.8094, 0.804, 0.8068, 0.8078, 0.8086, 0.8122, 0.8096, 0.8096, 0.8138, 0.8098, 0.8136, 0.8102, 0.8126, 0.808, 0.8062, 0.8164, 0.8132, 0.8096, 0.8126, 0.8098, 0.8086, 0.8142, 0.8042]
517.3626012353448
ResNet18_cifar10-723[0.386, 0.5062444444444445, 0.5718, 0.6191111111111111, 0.6502, 0.6756666666666666, 0.6967777777777778, 0.7144222222222222, 0.7289555555555556, 0.7394444444444445, 0.7909333333333334, 0.8024, 0.8063111111111111, 0.8103777777777778, 0.8180666666666667, 0.818, 0.8252666666666667, 0.8258666666666666, 0.8265111111111111, 0.8321333333333333, 0.8377777777777777, 0.8418222222222222, 0.8403555555555555, 0.8415555555555555, 0.8413111111111111, 0.8440888888888889, 0.8458444444444444, 0.8436222222222223, 0.8456666666666667, 0.8456444444444444, 0.8445555555555555, 0.8474888888888888, 0.8447111111111111, 0.8482888888888889, 0.8472444444444445, 0.8454222222222222, 0.8481333333333333, 0.8464666666666667, 0.8460888888888889, 0.8468888888888889, 0.8486444444444444, 0.8488, 0.8444888888888888, 0.8476888888888889, 0.8475333333333334, 0.8482, 0.8475777777777778, 0.8444444444444444, 0.8465555555555555, 0.8465111111111111]
[1.6743141729354858, 1.3819541395399306, 1.2105113765292697, 1.09028452390035, 1.00369156059689, 0.9340996278974745, 0.8767618976063198, 0.8332943046145969, 0.7919245336956448, 0.758854090807173, 0.6102165113131205, 0.5768089628325568, 0.5584484641816881, 0.549086431450314, 0.527532571305169, 0.5229136530134413, 0.5106201764848497, 0.5018767634709677, 0.49665333125856187, 0.48878044719696045, 0.4689645556131999, 0.458922935962677, 0.4612827404075199, 0.45866233360502456, 0.4579739204141829, 0.4514726646847195, 0.4436867980427212, 0.4479368681324853, 0.44582399123509725, 0.44447820573382907, 0.44480658158858616, 0.4420294515821669, 0.4446599765671624, 0.4387119057337443, 0.44159440217349266, 0.4430914520846473, 0.4426865148332384, 0.44433303605450525, 0.44026638422012326, 0.44140408895280625, 0.4374348909272088, 0.4371684724383884, 0.44707175747023686, 0.4380775114801195, 0.44114694523811343, 0.4396213798099094, 0.44069932059314515, 0.4441920532385508, 0.4423467141257392, 0.44373422848383587]
[0.4414, 0.5146, 0.5906, 0.6086, 0.6422, 0.6842, 0.6916, 0.723, 0.7218, 0.726, 0.7834, 0.7862, 0.7904, 0.7966, 0.7942, 0.792, 0.798, 0.792, 0.8012, 0.7916, 0.8038, 0.8006, 0.8042, 0.8022, 0.8096, 0.8076, 0.814, 0.8052, 0.8078, 0.8044, 0.8046, 0.8088, 0.8122, 0.807, 0.8102, 0.806, 0.805, 0.8072, 0.807, 0.8086, 0.8046, 0.802, 0.8094, 0.8104, 0.8162, 0.8096, 0.8062, 0.8134, 0.8094, 0.8092]
513.8745406387897
